16645
32575
49303
65733
82726
99289
115832
132745
149438
165911
182923
199320
215956
232796
249554
265940
282739
299220
315989
332924
366470
382729
399278
415749
432277
448944
465965
482766
499356
532757
549448
566020
583037
599503
616282
632882
649274
666046
682636
699468
716091
732969
749697
816297
833066
849635
866384
882952
899596
916302
932922
949698
966555
982827
999786
1016131
1033076
1049740
1066321
1083123
1099612
1116662
1133690
1150011
1233228
1249873
1266586
1283400
1299803
1316866
1333515
1349832
1366730
1383250
1399970
1416614
1433362
1449943
1466772
1483329
1500354
1516716
1533647
1549963
1566849
1583499
1600297
1616695
1633469
1650070
1666795
1683434
1700179
1716828
1733515
1850803
1867455
1884084
1900442
1917101
1934041
1950568
1967137
1984247
2000944
2017425
2034038
2050531
2067064
2083771
2100477
2117047
2133854
2150757
2167035
2184004
2200742
2217556
2233995
2250591
2267393
2284205
2300577
2334315
2350981
2367382
2384216
2400588
2417059
2433759
2450818
2467181
2483923
2500705
2517663
2533890
2550922
2567516
2584329
2601093
2617576
2634379
2784707
2801253
2817913
2834316
2851014
2867577
2884434
2901072
2917702
2934319
2951085
2967643
2984435
3001237
3017826
3034682
3051256
3068008
3084849
3101574
3117792
3134642
3151286
3168022
3184720
3201629
3218158
3234593
3251400
3268068
3284652
3301448
3317984
3334628
3351352
3368000
3384609
3401576
3418362
3434817
3451620
3468172
3484860
3501451
3518343
3534952
3551598
3568360
3584843
3601803
3618417
3635073
3651860
3668165
3685082
3701693
3718157
3735182
3751816
3768276
3785338
3802122
3818870
3835535
3852120
3868698
3885389
3902016
3918432
3935376
4152445
4168835
4185586
4201983
4218607
4235486
4251837
4268686
4285316
4302040
4318839
4335430
4352453
4368941
4385661
4402603
4418802
4435609
4452470
4468991
4485697
4502242
4519082
4535486
4552260
4568964
4585926
4602432
4619150
4635693
4653095
4669082
4685963
4702367
4719052
4735865
4752488
4768941
4785692
4802446
4819157
4836256
4852674
4869348
4885835
4902629
4919273
4936017
4952570
4969453
4986064
5002678
5019314
5036049
5052647
5069514
5085905
5102844
5119341
5136141
5152803
5169263
5186057
5202778
5219427
5236125
5252790
5269568
5286037
5302679
5319336
5336247
5352881
5369546
5386185
5403057
5419561
5436338
5453285
5469992
5486406
5503309
5519697
5536349
5553099
5569678
5586392
5603201
5619989
5636409
5653214
5669809
5686676
5703197
5720370
5736776
5753395
5770253
5786910
5803666
5820380
5836870
5853488
5870321
5887354
6237811
